9
11
18
30
37
38
40
41
43
45
47
71
72
75
93
94
103
107
109
112
115
118
122
123
128
129
137
154
156
162
169
173
179
182
190
195
207
211
217
226
231
235
237
246
253
254
261
262
263
264
266
275
278
281
283
285
294
296
297
308
309
313
315
316
322
323
324
327
329
335
336
356
357
358
361
363
365
367
374
395
397
398
404
408
413
414
415
417
424
458
467
476
479
490
498
499
504
522
538
542
545
552
554
555
565
577
580
583
594
595
598
599
602
603
604
605
606
615
616
617
618
625
627
637
639
641
645
648
663
666
668
671
676
677
681
682
684
686
688
701
707
713
714
715
717
719
720
722
723
725
734
735
736
756
757
758
767
768
769
772
777
780
781
789
791
803
812
813
817
819
829
833
836
837
840
842
843
846
848
866
867
870
871
872
873
892
895
900
905
915
919
923
929
931
933
934
935
937
940
945
948
953
954
955
959
962
967
968
969
979
981
983
985
986
987
988
990
992
994
997
1016
1027
1034
1038
1044
1046
1047
1052
1055
1068
1069
1071
1072
1075
1081
1083
1094
1095
1098
1099
1102
1103
1105
1111
1113
1115
1118
1125
1126
1128
1129
1130
1131
1135
1138
1142
1143
1146
1153
1155
1158
1172
1176
1181
1185
1188
1190
1191
1194
1201
1203
1208
1209
1215
1220
1232
1233
1237
1238
1246
1261
1263
1268
1272
1273
1289
1292
1311
1313
1314
1317
1318
1321
1322
1325
1327
1328
1331
1332
1333
1334
1335
1338
1344
1346
1349
1375
1384
1395
1396
1404
1406
1411
1424
1425
1426
1431
1432
1441
1442
1443
1452
1454
1461
1464
1467
1468
1485
1489
1491
1492
1501
1502
1506
1507
1508
1513
1517
1520
1521
1522
1527
1548
1549
1550
1569
1570
1571
1573
1578
1582
1589
1590
1591
1596
1597
1601
1604
1607
1611
1615
1622
1623
1630
1633
1635
1636
1643
1648
1652
1654
1655
1659
1660
1661
1667
1672
1673
1674
1678
1679
1680
1682
1685
1687
1688
1689
1692
1695
1697
1702
1704
1709
1713
1716
1721
1725
1733
1736
1738
1739
1746
1753
1761
1766
1770
1779
1785
1788
1790
1791
1796
1798
1809
1812
1814
1816
1824
1827
1828
1841
1842
1843
1854
1859
1867
1868
1869
1876
1877
1884
1885
1887
1888
1890
1891
1895
1903
1904
1905
1906
1908
1909
1916
1927
1932
1941
1942
1944
1945
1959
1962
1965
1970
1971
1975
1979
1982
1995
1999
2001
2025
2026
2027
2031
2033
2043
2045
2050
2053
2054
2056
2067
2082
2118
2119
2120
2122
2126
2130
2131
2133
2134
2137
2145
2149
2151
2161
2165
2169
2172
2175
2176
2177
2179
2180
2182
2191
2192
2193
2194
2195
2197
2198
2205
2206
2208
2212
2223
2227
2231
2244
2248
2260
2261
2262
2265
2266
2268
2279
2281
2283
2288
2289
2309
2323
2325
2326
2330
2335
2348
2350
2353
2362
2363
2364
2368
2373
2376
2384
2394
2396
2398
2404
2406
2413
2415
2422
2427
2428
2429
2431
2434
2454
2456
2457
2459
2460
2461
2468
2486
2487
2489
2491
2492
2493
2494
2496
2497
2499
2503
2504
2507
2508
2509
2510
2511
2513
2514
2521
2524
2531
2539
2542
2543
2545
2549
2553
2554
2555
2558
2559
2565
2573
2575
2583
2585
2599
2608
2609
2615
2618
2622
2623
2632
2641
2642
2645
2649
2650
2668
2669
2672
2673
2679
2682
2683
2687
2688
2703
2704
2707
2710
2718
2725
2726
2728
2729
2732
2736
2745
2749
2751
2765
2774
2784
2786
2790
2806
2807
2813
2814
2815
2819
2820
2822
2823
2825
2828
2830
2832
2833
2837
2840
2843
2846
2851
2852
2853
2869
2873
2878
2879
2883
2885
2886
2889
2893
2896
2897
2904
2906
2916
2918
2921
2922
2928
2929
2930
2938
2939
2944
2945
2952
2954
2957
2959
2962
2963
2965
2966
2971
2973
2977
2992
2996
3006
3009
3020
3021
3038
3039
3044
3047
3051
3054
3056
3058
3061
3079
3080
3083
3086
3091
3103
3106
3107
3108
3118
3129
3132
3134
3135
3136
3137
3149
3150
3155
3165
3169
3177
3178
3182
3186
3190
3191
3193
3200
3202
3209
3212
3214
3216
3217
3224
3225
3226
3235
3237
3240
3247
3248
3252
3254
3260
3263
3265
3266
3273
3279
3282
3290
3291
3292
3302
3306
3309
3314
3316
3317
3323
3330
3333
3338
3348
3361
3362
3363
3364
3374
3376
3380
3386
3390
3391
3395
3397
3398
3402
3404
3417
3420
3421
3427
3435
3439
3449
3455
3456
3458
3472
3476
3478
3492
3498
3505
3508
3520
3523
3524
3535
3540
3547
3548
3553
3562
3563
3565
3578
3579
3581
3582
3588
3593
3596
3597
3598
3603
3610
3618
3627
3628
3629
3631
3634
3638
3644
3656
3661
3662
3669
3672
3674
3682
3683
3691
3696
3699
3709
3710
3721
3725
3728
3736
3738
3741
3751
3753
3769
3776
3791
3792
3794
3797
3804
3805
3806
3810
3818
3820
3826
3827
3830
3831
3843
3850
3852
3857
3858
3866
3868
3874
3876
3885
3886
3891
3900
3904
3905
3916
3922
3928
3930
3931
3935
3939
3949
3950
3961
3972
3985
3986
3992
3993
3994
3996
4000
4002
4007
4008
4013
4014
4015
4023
4025
4026
4031
4034
4035
4042
4046
4048
4049
4054
4055
4062
4069
4077
4082
4083
4086
4093
4101
4103
4104
4105
4106
4109
4114
4116
4117
4118
4119
4123
4125
4135
4140
4143
4152
4154
4157
4158
4162
4181
4189
4193
4194
4201
4210
4217
4219
4225
4226
4227
4250
4254
4265
4266
4273
4276
4297
4300
4305
4306
4319
4321
4324
4326
4344
4347
4350
4353
4354
4358
4360
4362
4364
4367
4376
4389
4401
4409
4411
4417
4418
4421
4424
4435
4436
4437
4452
4455
4459
4460
4462
4466
4472
4473
4475
4478
4496
4498
4499
4501
4503
4508
4510
4511
4520
4522
4527
4536
4543
4545
4546
4549
4555
4560
4564
4567
4568
4569
4574
4578
4579
4582
4583
4585
4586
4587
4588
4596
4597
4603
4604
4613
4614
4615
4616
4628
4637
4644
4646
4651
4652
4655
4656
4665
4672
4673
4679
4681
4682
4706
4709
4710
4711
4714
4717
4724
4734
4735
4750
4760
4761
4764
4765
4767
4775
4776
4795
4801
4802
4803
4804
4806
4809
4816
4823
4827
4829
4836
4842
4847
4857
4867
4868
4870
4872
4873
4874
4876
4880
4881
4889
4891
4893
4895
4897
4898
4901
4902
4911
4912
4915
4926
4942
4946
4947
4950
4954
4960
4961
4962
4965
4966
4971
4976
4977
4998
5001
5002
5003
5006
5012
5014
5015
5016
5018
5019
5020
5021
5022
5023
5028
5032
5033
5039
5042
5045
5048
5049
5061
5062
5065
5067
5068
5073
5074
5075
5076
5078
5079
5080
5081
5084
5087